Starting balance: $1000.00
Annual Interest Rate: 3.50%
Monthly Payment: $120.00

Payment        Amount         Interest       Principal      Balance        

1              120.00         2.92           117.08         882.91         
2              120.00         2.58           117.42         765.48         
3              120.00         2.23           117.77         647.71         
4              120.00         1.89           118.11         529.59         
5              120.00         1.54           118.46         411.13         
6              120.00         1.20           118.80         292.32         
7              120.00         0.85           119.15         173.17         
8              120.00         0.51           119.49         53.67          
9              53.83          0.16           53.67          0.00           

Total Payments Made: 9
Total Interest Paid: 13.82



Starting balance: $5000.00
Annual Interest Rate: 4.00%
Monthly Payment: $165.00

Payment        Amount         Interest       Principal      Balance        

1              165.00         16.67          148.33         4851.66        
2              165.00         16.17          148.83         4702.83        
3              165.00         15.68          149.32         4553.50        
4              165.00         15.18          149.82         4403.67        
5              165.00         14.68          150.32         4253.34        
6              165.00         14.18          150.82         4102.51        
7              165.00         13.68          151.32         3951.18        
8              165.00         13.17          151.83         3799.35        
9              165.00         12.66          152.34         3647.01        
10             165.00         12.16          152.84         3494.16        
11             165.00         11.65          153.35         3340.80        
12             165.00         11.14          153.86         3186.93        
13             165.00         10.62          154.38         3032.55        
14             165.00         10.11          154.89         2877.65        
15             165.00         9.59           155.41         2722.24        
16             165.00         9.07           155.93         2566.31        
17             165.00         8.55           156.45         2409.86        
18             165.00         8.03           156.97         2252.89        
19             165.00         7.51           157.49         2095.39        
20             165.00         6.98           158.02         1937.37        
21             165.00         6.46           158.54         1778.82        
22             165.00         5.93           159.07         1619.74        
23             165.00         5.40           159.60         1460.13        
24             165.00         4.87           160.13         1299.99        
25             165.00         4.33           160.67         1139.32        
26             165.00         3.80           161.20         978.11         
27             165.00         3.26           161.74         816.37         
28             165.00         2.72           162.28         654.09         
29             165.00         2.18           162.82         491.27         
30             165.00         1.64           163.36         327.90         
31             165.00         1.09           163.91         163.99         
32             164.54         0.55           163.99         0.00           

Total Payments Made: 32
Total Interest Paid: 279.53



Starting balance: $200000.00
Annual Interest Rate: 5.50%
Monthly Payment: $2250.00

Payment        Amount         Interest       Principal      Balance        

1              2250.00        916.67         1333.33        198666.66      
2              2250.00        910.56         1339.44        197327.21      
3              2250.00        904.42         1345.58        195981.62      
4              2250.00        898.25         1351.75        194629.86      
5              2250.00        892.05         1357.95        193271.91      
6              2250.00        885.83         1364.17        191907.73      
7              2250.00        879.58         1370.42        190537.30      
8              2250.00        873.30         1376.70        189160.59      
9              2250.00        866.99         1383.01        187777.57      
10             2250.00        860.65         1389.35        186388.21      
11             2250.00        854.28         1395.72        184992.48      
12             2250.00        847.88         1402.12        183590.36      
13             2250.00        841.46         1408.54        182181.81      
14             2250.00        835.00         1415.00        180766.80      
15             2250.00        828.51         1421.49        179345.31      
16             2250.00        822.00         1428.00        177917.30      
17             2250.00        815.45         1434.55        176482.75      
18             2250.00        808.88         1441.12        175041.62      
19             2250.00        802.27         1447.73        173593.89      
20             2250.00        795.64         1454.36        172139.52      
21             2250.00        788.97         1461.03        170678.49      
22             2250.00        782.28         1467.72        169210.76      
23             2250.00        775.55         1474.45        167736.30      
24             2250.00        768.79         1481.21        166255.09      
25             2250.00        762.00         1488.00        164767.09      
26             2250.00        755.18         1494.82        163272.27      
27             2250.00        748.33         1501.67        161770.60      
28             2250.00        741.45         1508.55        160262.04      
29             2250.00        734.53         1515.47        158746.57      
30             2250.00        727.59         1522.41        157224.15      
31             2250.00        720.61         1529.39        155694.76      
32             2250.00        713.60         1536.40        154158.36      
33             2250.00        706.56         1543.44        152614.91      
34             2250.00        699.49         1550.51        151064.39      
35             2250.00        692.38         1557.62        149506.76      
36             2250.00        685.24         1564.76        147941.99      
37             2250.00        678.07         1571.93        146370.05      
38             2250.00        670.86         1579.14        144790.91      
39             2250.00        663.63         1586.37        143204.53      
40             2250.00        656.35         1593.65        141610.88      
41             2250.00        649.05         1600.95        140009.92      
42             2250.00        641.71         1608.29        138401.63      
43             2250.00        634.34         1615.66        136785.97      
44             2250.00        626.94         1623.06        135162.90      
45             2250.00        619.50         1630.50        133532.39      
46             2250.00        612.02         1637.98        131894.41      
47             2250.00        604.52         1645.48        130248.92      
48             2250.00        596.97         1653.03        128595.89      
49             2250.00        589.40         1660.60        126935.28      
50             2250.00        581.79         1668.21        125267.06      
51             2250.00        574.14         1675.86        123591.20      
52             2250.00        566.46         1683.54        121907.65      
53             2250.00        558.74         1691.26        120216.39      
54             2250.00        550.99         1699.01        118517.38      
55             2250.00        543.20         1706.80        116810.58      
56             2250.00        535.38         1714.62        115095.96      
57             2250.00        527.52         1722.48        113373.48      
58             2250.00        519.63         1730.37        111643.10      
59             2250.00        511.70         1738.30        109904.79      
60             2250.00        503.73         1746.27        108158.52      
61             2250.00        495.73         1754.27        106404.24      
62             2250.00        487.69         1762.31        104641.92      
63             2250.00        479.61         1770.39        102871.52      
64             2250.00        471.49         1778.51        101093.01      
65             2250.00        463.34         1786.66        99306.35       
66             2250.00        455.15         1794.85        97511.50       
67             2250.00        446.93         1803.07        95708.42       
68             2250.00        438.66         1811.34        93897.08       
69             2250.00        430.36         1819.64        92077.44       
70             2250.00        422.02         1827.98        90249.46       
71             2250.00        413.64         1836.36        88413.10       
72             2250.00        405.23         1844.77        86568.32       
73             2250.00        396.77         1853.23        84715.09       
74             2250.00        388.28         1861.72        82853.36       
75             2250.00        379.74         1870.26        80983.10       
76             2250.00        371.17         1878.83        79104.27       
77             2250.00        362.56         1887.44        77216.83       
78             2250.00        353.91         1896.09        75320.74       
79             2250.00        345.22         1904.78        73415.96       
80             2250.00        336.49         1913.51        71502.44       
81             2250.00        327.72         1922.28        69580.15       
82             2250.00        318.91         1931.09        67649.05       
83             2250.00        310.06         1939.94        65709.10       
84             2250.00        301.17         1948.83        63760.26       
85             2250.00        292.23         1957.77        61802.49       
86             2250.00        283.26         1966.74        59835.75       
87             2250.00        274.25         1975.75        57859.99       
88             2250.00        265.19         1984.81        55875.18       
89             2250.00        256.09         1993.91        53881.27       
90             2250.00        246.96         2003.04        51878.22       
91             2250.00        237.78         2012.22        49865.99       
92             2250.00        228.55         2021.45        47844.54       
93             2250.00        219.29         2030.71        45813.82       
94             2250.00        209.98         2040.02        43773.80       
95             2250.00        200.63         2049.37        41724.42       
96             2250.00        191.24         2058.76        39665.65       
97             2250.00        181.80         2068.20        37597.45       
98             2250.00        172.32         2077.68        35519.77       
99             2250.00        162.80         2087.20        33432.56       
100            2250.00        153.23         2096.77        31335.79       
101            2250.00        143.62         2106.38        29229.41       
102            2250.00        133.97         2116.03        27113.37       
103            2250.00        124.27         2125.73        24987.63       
104            2250.00        114.53         2135.47        22852.15       
105            2250.00        104.74         2145.26        20706.88       
106            2250.00        94.91          2155.09        18551.78       
107            2250.00        85.03          2164.97        16386.80       
108            2250.00        75.11          2174.89        14211.90       
109            2250.00        65.14          2184.86        12027.03       
110            2250.00        55.12          2194.88        9832.15        
111            2250.00        45.06          2204.94        7627.21        
112            2250.00        34.96          2215.04        5412.16        
113            2250.00        24.81          2225.19        3186.96        
114            2250.00        14.61          2235.39        951.56         
115            955.92         4.36           951.56         0.00           

Total Payments Made: 115
Total Interest Paid: 57455.92



